574
417
336
405
486
380
439
588
633
821
363
274
924
977
501
658
95
132
874
383
311
806
913
147
726
875
79
933
312
657
658
219
671
324
522
719
166
988
430
226
735
762
781
288
754
203
900
967
382
126
25
682
935
639
462
687
156
760
272
862
666
8
844
396
767
96
191
583
947
497
358
310
71
474
59
190
342
50
716
240
970
760
991
722
11
997
141
552
378
46
981
301
356
437
16
56
322
231
599
33
54
728
345
349
524
475
526
542
371
405
185
256
225
957
212
850
814
465
757
703
239
3
326
820
44
131
308
717
721
218
46
848
839
904
842
570
99
138
86
489
598
923
611
212
397
91
47
516
342
721
228
650
878
453
45
524
6
18
635
186
271
595
410
9
299
425
153
128
10
343
214
605
152
407
554
58
185
739
520
829
774
63
89
482
718
710
195
115
115
920
862
578
515
777
455
652
759
391
690
870
675
891
519
293
908
94
987
939
59
875
654
528
284
106
571
637
558
514
897
301
579
734
130
450
498
623
944
7
585
250
44
242
476
803
992
892
753
574
205
925
157
737
393
276
306
995
488
470
845
613
603
359
617
961
906
148
564
727
153
173
786
614
909
851
460
514
919
533
622
106
373
793
851
852
494
386
896
360
293
922
287
780
9
989
562
204
840
484
816
735
326
929
160
152
373
801
658
539
392
311
2
641
547
883
298
943
677
195
506
983
668
870
868
661
298
644
995
137
205
338
684
896
813
975
129
600
43
502
56
848
975
35
24
984
563
874
739
685
570
205
252
756
339
998
593
332
264
958
398
553
985
95
920
406
918
824
679
579
546
662
316
291
188
863
295
236
276
969
495
207
559
601
233
745
385
926
508
647
840
506
436
172
752
833
250
251
200
693
66
981
438
437
385
935
481
689
659
28
965
988
8
67
853
341
537
196
493
933
119
98
314
189
730
686
197
313
913
28
104
499
773
876
943
459
105
713
643
971
712
744
642
629
336
650
347
561
619
993
601
742
356
556
492
73
116
513
698
716
508
418
906
753
413
591
835
883
688
19
169
242
191
363
263
322
612
277
15
332
540
248
538
983
757
628
24
581
461
787
825
1000
730
340
866
477
14
407
14
337
692
713
939
696
219
435
700
685
909
175
828
142
955
680
862
424
606
848
887
574
204
16
727
51
16
235
699
504
344
380
138
171
693
861
851
718
676
293
153
878
158
30
948
771
227
475
449
761
130
76
257
588
118
842
718
544
295
49
804
327
840
40
995
778
719
241
981
725
82
206
551
495
626
361
788
46
265
515
351
237
855
453
113
588
803
805
272
785
337
870
855
807
436
63
354
847
146
325
794
936
622
519
666
770
333
594
621
325
168
867
213
824
45
213
183
396
596
684
998
790
641
294
104
808
911
152
97
760
11
95
621
614
23
777
22
503
221
199
443
198
480
270
280
566
381
53
686
280
206
559
558
72
344
543
204
219
424
323
668
874
655
403
204
121
21
411
431
220
522
829
578
110
849
350
872
378
356
572
948
170
567
933
958
793
540
858
766
185
197
913
429
858
236
508
353
167
126
254
640
474
168
254
237
755
172
86
220
28
672
999
953
568
894
25
833
271
886
405
288
39
870
701
28
261
640
473
712
146
536
25
275
68
463
282
81
489
279
768
144
585
928
286
142
901
584
614
344
901
652
304
603
345
323
287
649
57
428
892
162
313
453
760
442
77
393
622
810
202
942
751
172
170
128
413
476
846
779
526
651
406
189
826
307
706
387
187
855
505
468
769
508
572
953
320
765
738
954
344
262
375
791
202
72
885
882
215
182
991
73
466
708
564
534
758
900
578
494
58
641
646
832
989
587
888
42
556
631
5
68
880
782
31
903
357
37
785
422
736
913
844
58
164
635
925
202
164
608
598
800
827
2
465
136
320
464
779
801
814
152
856
965
287
442
134
603
651
599
390
613
751
39
811
150
851
890
313
996
770
597
262
77
228
504
102
60
547
884
870
330
372
814
810
732
552
513
763
290
637
882
718
380
150
911
39
984
943
156
527
125
537
578
772
34
273
716
416
106
7
779
930
925
934
200
229
292
69
920
743
158
632
349
567
941
868
501
708
217
581
365
427
123
221
885
572
421
801
206
265
2
485
220
138
308
731
743
986
354
117
998
617
792
404
866
393
341
64
349
47
525
180
206
312
296
594
322
136
936
426
336
458
320
950
943
961
333
69
559
841
645
476
323
536
729
782
953
629
381
312
917
817
963
67
557
285
455
128
645
718
822
155
172
586