575
906
482
45
350
942
491
284
401
666
180
330
768
705
664
568
999
476
828
265
435
227
267
542
228
280
778
301
324
826
436
100
97
223
144
213
748
93
116
972
626
586
827
126
775
56
492
98
322
708
139
804
165
344
442
455
681
868
432
404
105
449
853
850
660
832
766
608
788
657
879
718
104
295
810
835
309
547
491
940
53
611
313
984
201
810
738
515
886
953
983
79
638
758
71
969
750
706
286
887
680
189
642
626
838
46
423
729
726
311
617
927
227
741
625
962
562
292
663
188
612
197
510
873
638
151
255
759
266
988
846
835
722
19
426
527
436
245
140
140
685
348
103
525
726
340
416
189
63
632
837
964
761
663
703
49
830
719
839
633
898
949
193
216
403
235
2
12
716
377
352
128
882
395
698
945
649
577
581
71
632
902
69
257
632
71
802
349
1000
136
795
741
298
915
473
977
164
247
189
640
885
773
717
290
386
400
213
329
135
257
363
467
204
881
399
269
636
279
842
365
265
762
552
853
119
5
288
553
589
225
58
116
869
858
407
307
249
785
294
411
897
536
711
498
994
911
897
70
359
605
455
848
172
327
989
667
637
360
684
196
905
753
955
237
172
220
652
315
841
833
313
245
785
778
321
480
454
259
573
90
138
539
795
446
556
141
410
531
39
450
991
826
840
634
726
128
159
670
328
755
177
838
958
671
740
464
71
183
89
882
180
792
973
696
467
622
902
501
131
310
286
957
689
685
550
119
327
895
624
406
373
683
353
427
509
539
89
116
192
183
876
424
995
100
957
34
322
788
116
127
327
787
771
622
113
584
652
173
259
472
341
169
886
438
102
238
1000
340
418
525
174
284
66
943
580
720
701
519
586
531
982
90
129
16
605
787
514
994
246
63
150
284
236
123
222
487
11
149
135
183
993
410
589
814
882
619
553
557
21
304
829
108
425
320
683
570
865
938
151
626
583
592
668
819
76
251
431
455
997
587
286
917
926
668
700
700
972
998
459
488
995
168
422
698
857
574
235
287
551
863
130
811
286
240
10
811
436
956
575
690
185
809
180
883
775
634
845
721
711
266
515
401
492
853
609
564
562
723
810
944
272
172
279
328
416
138
39
909
942
320
708
439
43
152
76
428
857
928
638
55
376
137
238
943
920
874
401
772
753
529
805
367
958
591
908
457
752
286
669
674
69
964
381
954
345
920
664
559
281
204
959
660
288
370
984
957
522
712
860
695
349
469
157
783
394
354
200
984
728
573
517
799
202
138
456
131
250
32
13
648
806
226
15
566
388
762
191
626
766
907
85
501
246
327
83
853
476
604
267
924
640
697
790
967
509
545
651
807
145
498
797
444
379
589
414
597
798
562
390
860
898
369
77
882
76
450
452
489
736
772
990
195
257
874
865
45
756
793
434
759
727
392
896
560
942
957
530
887
5
269
248
941
627
389
805
985
963
249
914
473
887
380
973
184
238
832
72
500
289
544
990
693
16
524
875
342
109
324
830
444
751
144
836
533
241
741
503
924
79
887
123
270
629
186
98
153
182
275
461
986
997
600
182
170
967
522
758
726
957
56
248
624
909
434
790
713
47
775
517
245
512
41
238
120
361
496
912
544
360
857
859
471
205
753
429
621
581
506
169
942
796
375
895
152
651
929
814
942
17
884
807
268
163
613
978
309
256
33
337
905
737
28
217
436
998
912
644
405
82
793
524
618
809
448
447
680
403
100
913
550
117
797
418
113
388
61
582
658
840
667
923
517
710
992
222
481
620
321
272
469
415
862
402
315
630
903
816
754
629
146
38
814
213
675
328
750
394
191
49
421
891
923
21
867
116
681
151
538
300
353
363
539
558
668
345
722
699
251
193
258
175
716
965
779
80
585
549
556
795
673
604
630
641
519
32
137
308
812
819
417
401
847
822
384
685
94
418
538
440
303
763
727
53
816
333
420
95
98
852
1
838
727
280
462
366
875
989
588
322
424
425
445
545
312
814
441
799
633
442
753
200
663
46
548
409
865
769
88
819
418
33
410
265
128
617
737
39
257
680
634
783
418
984
703
818
209
276
85
63
109
568
40
137
479
890
405
119
961
596
992
323
602
943
263
447
681
70
322
914
926
872
139
853
503
388
530
586
922
398
820
770
793
741
849
603
320
145
472
127
450
155
967
976
455
175
20
102
116
201
583
953
88
711
402
117
252
670
809
246
509
722
444
874
623
368
871
592
487
197
531
341
338
927
601
237
636
997
894
291
155
838
777
126
243
64
329
35
425
541
587