2
2
2
5
5
10
11
11
15
16
16
16
19
21
21
28
28
28
28
33
33
34
35
39
39
39
40
43
45
45
46
46
46
47
47
49
49
53
53
56
56
58
58
58
63
63
63
64
66
69
69
71
71
71
71
72
72
76
76
76
77
77
79
79
82
89
89
94
95
95
95
97
98
98
98
102
102
104
104
105
113
113
116
116
116
116
116
116
117
117
119
119
119
123
123
126
126
128
128
128
129
130
130
131
131
136
136
137
137
137
138
138
138
141
144
144
146
146
150
150
152
152
152
152
153
153
153
155
155
157
164
164
168
168
169
169
170
170
172
172
172
172
173
175
175
180
180
180
182
182
183
183
183
185
185
185
186
188
189
189
189
191
191
195
195
196
197
197
200
200
202
202
202
204
204
204
204
205
205
205
213
213
213
217
220
220
220
225
226
227
227
228
228
235
235
236
236
237
237
240
241
248
248
250
250
251
251
252
256
257
257
257
257
263
265
265
265
270
272
272
275
276
276
279
279
280
280
284
284
284
286
286
286
286
286
287
287
287
288
288
290
291
292
294
295
295
298
298
301
301
304
307
308
308
310
311
311
312
312
312
313
313
313
320
320
320
322
322
322
322
323
323
323
324
324
327
327
327
327
330
333
333
337
337
338
340
340
341
341
342
342
344
344
344
344
345
345
349
349
349
350
353
353
354
354
359
360
360
361
363
363
365
373
373
375
380
380
380
381
381
386
390
392
398
403
403
404
405
405
405
406
406
407
407
410
410
410
411
416
416
417
418
418
418
418
418
421
422
424
424
425
425
425
426
427
428
429
431
435
436
436
436
436
438
439
442
442
449
450
450
450
455
455
455
455
459
461
462
464
473
473
476
476
476
480
481
482
488
489
489
492
492
498
498
501
501
503
503
506
506
514
514
515
515
519
519
522
522
524
524
525
525
527
533
536
536
538
538
539
539
539
542
544
544
547
547
551
552
552
553
553
556
556
557
558
558
559
559
559
562
562
562
564
564
566
568
568
570
570
574
574
574
581
581
583
583
584
585
585
586
586
586
587
587
588
588
588
591
596
597
600
601
601
603
603
603
605
605
608
611
612
613
613
617
617
619
621
621
622
622
622
623
626
626
626
626
629
629
632
632
632
633
633
637
637
640
640
641
641
641
642
644
649
651
651
652
652
657
658
658
658
666
666
668
668
668
671
675
680
680
680
684
684
685
685
685
689
690
693
693
696
698
698
699
700
700
701
703
703
706
708
708
710
712
712
713
713
716
716
716
717
718
718
718
718
718
719
719
721
721
722
722
722
726
726
726
726
727
727
727
728
729
736
737
737
738
751
751
752
753
753
753
753
754
755
756
758
758
759
759
761
762
762
763
766
766
768
769
770
770
771
772
772
773
777
777
778
778
779
779
779
785
785
787
787
788
788
790
790
792
793
793
793
804
805
805
806
807
807
810
810
810
811
811
814
814
814
814
816
816
820
822
826
826
827
828
829
829
832
832
833
833
835
835
839
840
840
840
841
842
842
845
846
847
848
848
848
849
850
852
853
853
853
853
853
858
858
862
862
862
863
867
868
868
872
874
874
874
875
875
876
882
882
882
882
883
883
884
885
885
886
886
887
887
887
887
890
891
894
896
896
897
897
903
906
906
908
909
909
911
911
913
913
913
913
917
920
920
920
922
923
923
924
924
926
926
928
929
941
942
942
942
942
942
943
943
943
943
944
953
953
953
954
955
957
957
957
957
957
958
958
961
961
963
965
965
967
967
967
969
977
983
983
984
984
984
984
985
986
988
988
989
989
991
991
992
992
993
995
995
995
997
997
997
998
998
998
999
1000
1000